P2 
#Sample test image
6 8
156 156 156  70 70 70  201 201 201  160 160 160  115 115 115  164 164 164  
133 133 133  159 159 159  139 139 139  109 109 109  135 135 135  130 130 130  
113 113 113  155 155 155  90 90 90  142 142 142  78 78 78  112 112 112  
215 215 215  20 20 20  81 81 81  173 173 173  134 134 134  135 135 135  
106 106 106  74 74 74  87 87 87  100 100 100  33 33 33  138 138 138  
139 139 139  87 87 87  157 157 157  169 169 169  137 137 137  156 156 156  
178 178 178  75 75 75  139 139 139  90 90 90  96 96 96  102 102 102  
137 137 137  139 139 139  203 203 203  142 142 142  92 92 92  199 199 199  
